1 0.04737563501219544 0.2849633509534418 0.061309645309899984 0.11129630220724206

1 0.4835101573303475 0.4746899332396127 0.05109137109158326 0.10681457191701746

1 0.8852741209141618 0.5546141234152832 0.055736041190818215 0.11727194259420806

1 0.379936541752148 0.9197023323001443 0.06409644736944081 0.132211043561623

1 0.820715734169535 0.9032693212359877 0.07059898550836963 0.1292232233681399

1 0.4775869417667932 0.865457768500551 0.08731979786561501 0.13071713346488353

1 0.1839314635644374 0.8565846307128158 0.07895939168699241 0.12399453802954483

1 0.7398984744428486 0.07021377454685065 0.052020305111430215 0.10756152696538825

1 0.6939137128256863 0.14565623443229658 0.048304569032042506 0.0911285159012317

0 0.17347969202379038 0.6263218080588753 0.05109137109158333 0.12922322336814

0 0.3576395976410832 0.9772178710246923 0.04087309687326659 0.045564257950615715

1 0.6296987170461904 0.6979685098284386 0.035761286319558536 0.07559945165471334

0 0.6781494920597858 0.6177310550047246 0.08190488157060152 0.12197948334472165

0 0.5237298060993397 0.5575344976773215 0.06114026370763206 0.12151568302782145

2 0.9333801843563065 0.4696443376247559 0.04556680031040528 0.09044106179551605

2 0.037203273671153544 0.16835951503472985 0.07440654734230709 0.11316727732362

2 0.37619627169996034 0.42280050561784754 0.06517782829209849 0.11641387954192069

2 0.41887909730717526 0.4241919065685478 0.051334749716785526 0.1145586782743203

0 0.7023738106307716 0.36088316331168663 0.04960436489487137 0.11780528049262089

3 0.7678400363931891 0.921617746443886 0.13439322116866306 0.14563329950662576

3 0.21543291032830772 0.6066508145053073 0.05018115983550942 0.13171928999962318

3 0.7883162567858395 0.6433375563038365 0.05075795477614761 0.13357449126722357

